
Failed Picture 1
Position
x: 0.479286487572
y: 0.138215129238
z: 1.23626993365
Orientation
x: 0.26321144415
y: 0.639953668079
z: 0.71038149026
w: 0.128596954384
*************************************